-9.6201e-05
0.000121094
-0.000149054
0.000180255
-0.000214863
0.000253041
-0.000294947
0.000340732
-0.000390535
0.000444487
-0.000502708
0.000565303
-0.000632359
0.000703954
-0.000780132
0.000860944
-0.000946381
0.00103644
-0.00113107
0.0012302
-0.00133374
0.00144154
-0.00155342
0.0016692
-0.0017886
0.00191133
-0.00203706
0.00216539
-0.00229588
0.00242804
-0.00256131
0.00269512
-0.00282875
0.00296148
-0.00309252
0.00322099
-0.00334594
0.00346636
-0.00358113
0.0036891
-0.00378898
0.00387943
-0.003959
0.00402613
-0.00407922
0.00411652
-0.00413614
0.00413625
-0.00411465
0.00406924
-0.00399771
0.00389764
-0.00376647
0.00360153
-0.00339999
0.00315889
-0.00287514
0.00254542
-0.00216636
0.00173428
-0.00124548
0.000695999
-8.16034e-05
-0.000602081
0.00135948
-0.00219557
0.00311533
-0.00412405
0.00522736
-0.00643113
0.00774158
-0.00916516
0.0107088
-0.0123799
0.014186
-0.0161355
0.0182368
-0.0204995
0.0229333
-0.0255485
0.0283567
-0.0313698
0.0346009
-0.0380639
0.041774
-0.0457476
0.0500026
-0.0545583
0.0594359
-0.064659
0.0702529
-0.0762463
0.0826705
-0.0895604
0.0969552
-0.104899
0.113441
-0.122637
0.132552
-0.143257
0.154838
-0.16739
0.181027
-0.19588
0.212106
-0.22989
0.249452
-0.271061
0.295044
-0.321802
0.35184
-0.38579
0.42447
-0.468942
0.52062
-0.581427
0.654045
-0.742333
0.852047
-0.992179
1.17759
-1.43474
1.81576
-2.43948
3.64845
-7.00317
64
9.27664
-4.3891
2.89994
-2.17812
1.75139
-1.46904
1.26805
-1.11741
1.00008
-0.905931
0.828559
-0.763716
0.708477
-0.66076
0.619042
-0.582186
0.549327
-0.519789
0.493045
-0.468671
0.446328
-0.425737
0.406669
-0.388933
0.372372
-0.35685
0.342254
-0.328488
0.315466
-0.303119
0.291383
-0.280205
0.269538
-0.259339
0.249573
-0.240207
0.231213
-0.222567
0.214244
-0.206226
0.198495
-0.191034
0.183829
-0.176867
0.170136
-0.163625
0.157326
-0.151228
0.145325
-0.139608
0.134071
-0.128707
0.123512
-0.118479
0.113604
-0.108882
0.104309
-0.099881
0.0955938
-0.0914439
0.0874281
-0.083543
0.0797857
-0.076153
0.0726421
-0.0692503
0.0659749
-0.0628133
0.0597629
-0.0568214
0.0539861
-0.0512548
0.0486251
-0.0460947
0.0436613
-0.0413226
0.0390764
-0.0369204
0.0348525
-0.0328704
0.0309721
-0.0291552
0.0274177
-0.0257575
0.0241723
-0.0226601
0.0212187
-0.0198462
0.0185403
-0.0172991
0.0161205
-0.0150024
0.0139429
-0.0129399
0.0119916
-0.0110959
0.0102509
-0.00945466
0.00870538
-0.00800118
0.00734023
-0.00672075
0.00614096
-0.00559914
0.0050936
-0.00462266
0.00418471
-0.00377815
0.00340143
-0.00305304
0.0027315
-0.00243536
0.00216326
-0.00191382
0.00168573
-0.00147773
0.00128858
-0.0011171
0.000962155
-0.000822632
0.00069748
-0.000585684
0.000486271
-0.000398312
0.000320918
-0.000253242
0.000194479
-0.000143863
